8316
45621
61226
52366
62434
32433
23352
42161
46455
82051
77746
70078
53440
7925
55961
72503
54118
20429
63171
63725
2571
82812
247
95325
47671
66708
13001
97694
95353
77996
53038
41695
57655
36425
18281
69348
63286
1589
34393
97366
35186
69432
13028
75186
74722
8256
44386
71926
12642
42442
24762
22310
49615
80668
87062
82065
69928
61818
25661
34340
78927
15012
58838
47893
76681
37647
44253
72883
40195
37395
59454
54388
90621
67815
22136
9487
22546
6853
87666
63938
99993
19383
96813
25457
84853
82187
4057
98343
32548
31210
57264
69423
16661
90929
7851
21398
73780
14403
58637
99290
54770
24671
72828
6339
57839
48863
70697
35993
34990
38158
19712
9914
81834
60172
35744
44653
12455
34189
55414
26521
83360
4772
42122
2653
97761
37058
28388
79542
65901
34940
55053
15356
99143
47814
46390
4246
5977
34983
61847
56240
6448
24149
18293
11309
83023
27463
57081
83941
90377
31253
16714
871
70391
94191
83902
31396
87126
28332
51831
97943
36842
53025
70850
78688
32459
1950
34918
35286
12118
16044
93870
96628
32571
9708
16167
89788
49524
83612
1408
86400
28523
79445
79405
47255
52078
97801
89737
63733
91783
44212
73016
64507
78718
82654
32267
78051
3730
59330
54064
47792
87396
72444
61313
43846
42507
90988
19552
81160
82829
861
66301
52113
80931
258
21110
49037
10704
85203
10656
62735
80
19484
71404
50392
97097
2043
2829
82576
73953
65493
72285
16816
81742
21360
8712
73854
76175
65719
86779
29216
7334
44719
61455
34659
99930
36378
39317
37200
12709
46599
30189
27776
67588
43769
61657
55388
26736
38912
47732
18263
72298
61770
57077
65676
97218
36131
66275
9570
75864
22973
41045
25418
39190
73790
92618
98786
11884
91263
96423
93949
42407
10462
95792
13743
20737
69556
79075
96173
47851
35453
39882
66086
99846
87609
57069
49676
26990
87117
71747
87688
9988
18897
48470
70395
24942
97485
78191
8281
1801
25655
42368
41284
84103
63703
98080
74445
53051
31681
46030
94360
99173
15692
3863
37199
77299
88445
74664
28531
99557
46147
75272
3603
34226
56991
12206
66358
29154
60698
87631
15254
85299
87015
79511
48984
47004
57423
26229
6387
4838
52956
20173
87118
44833
62362
85728
45480
47978
98772
52216
22012
4427
16232
37852
32335
47593
96083
28187
12459
35504
89686
14374
66425
61001
77274
8930
25326
29624
22087
41764
85132
6004
95102
70766
41649
85366
99705
50445
29079
8003
66436
60826
76587
97758
24166
59298
62817
28324
35603
65315
38562
46249
49162
89065
96596
84177
80328
53382
12945
15505
87175
57052
36052
91845
21128
79041
20609
67750
12498
74657
9922
4948
76171
16697
62669
88528
41879
55228
43775
69454
31500
69568
21912
31744
11701
12677
24807
5190
20338
82195
81358
55143
49747
48564
27101
81829
36535
93836
57536
74436
16387
61506
90065
49051
97857
97608
67619
32093
35505
51941
44404
68301
61786
38095
17338
64612
99020
91804
64884
94540
70347
91147
13596
93922
73706
72089
35765
49899
84407
80088
49812
54148
66502
16372
60118
34166
46522
93132
85535
62984
20462
7112
34831
36761
8390
65191
77373
83313
20763
7782
17731
70339
21695
5965
3818
8271
60186
86832
50132
13563
13295
19273
97966
15398
1848
72147
886
79874
84676
59683
84031
30498
20365
21499
24751
80900
62512
71734
73760
45152
45362
59187
67541
84135
75378
15152
40399
40549
14223
3791
8098
98825
87199
40955
93676
81288
74049
37125
86860
62900
32491
52459
18586
15025
80618
39646
52626
75550
91474
45733
78579
69493
48944
99224
35242
99224
83909
94363
44275
80681
79210
60139
76286
15351
63402
57729
65373
98642
16167
69062
21686
64447
42928
69399
13127
94289
19580
48839
45250
2566
88502
26413
31658
85994
22287
48993
87995
59351
91443
3033
25518
45645
82815
64620
41575
287
46070
40338
26898
81665
73034
18693
60633
9028
9369
94552
8413
99611
26288
36090
34996
48168
25497
72118
44081
55569
21332
33482
58524
43399
95719
36534
25992
59351
84579
55225
43722
35856
63273
85284
45799
39797
62814
76968
79892
40521
14650
5117
42139
38615
45717
38130
18038
33313
27934
50793
10770
12244
59759
37518
44500
28467
93890
60101
52490
43560
95898
42470
22998
70582
74271
14827
92628
88034
75181
32674
51189
56585
29713
51849
10793
8571
84372
50015
2530
52449
72151
24483
96946
42321
27511
51079
51249
20562
31328
5630
41311
20137
11483
44727
48684
5098
75020
26446
59364
76062
68454
28935
72708
4679
78910
44477
18949
34390
3602
76661
49153
67240
99283
99050
67264
75272
6788
71811
63599
70018
39659
73238
58358
71829
78977
46508
291
48239
59898
91560
27150
30292
1983
38898
13206
8349
16284
74881
7302
32572
21916
24043
9397
10021
50786
12536
94541
10858
13164
80892
16589
24712
24644
3635
81771
39293
60450
85401
95376
59388
26306
61165
11059
29351
3214
15695
7664
58712
42589
46872
51054
9182
98788
21378
76053
84796
6713
76155
57846
59579
65341
26806
67116
83991
60614
81425
41887
76554
5595
96894
27819
51945
95563
48882
53924
78146
73233
98527
36437
98134
27872
90658
75356
67144
18520
32444
67767
89517
78490
68401
85245
17537
28875
44146
67873
33372
43399
72804
1894
54476
17524
37842
57200
41441
19679
97353
38795
35199
27122
61520
62196
62270
20837
9406
36799
91675
62766
45956
96130
62791
99030
64254
46277
7620
54008
30863
14432
40303
88655
71755
22420
81206
41835
88700
7893
6496
95403
945
697
2379
32479
91752
71423
17492
57058
91322
53792
64434
58953
76266
8494
86272
10359
33572
42792
31631
65793
33378
82582
3599
7360
80870
20171
73413
1053
92976
62358
41030
59375
51699
67008
20029
74435
36512
13466
84687
34055
27963
71381
611
88261
6543
68423
33583
65678
91111
86992
27447
46159
19282
83851
90937
92823
87999
54177
89638
81656
60334
75530
6962
56452
10779
58717
77039
66762
94132
12655
82543
76397
77202
34870
17343
63975
60707
22355
70170
88922
3552
15411
15621
89353
62362
61842
72953
29510
82541
72457
95269
33088
98638
75837
92964
11675
92761
63007
82183
76872
12449
34851
57977
62970
37667
69104
11444
9936
91305
61101
13947
91203
92514
38726
64422
42760
94548
89942
69921
57415
29552
18349
59439
45485
36403
37637
76728
46260
78601
46697
33872
37604
68969
52506
92761
93424
33946
86742